baseMean	log2FoldChange	lfcSE	stat	log2FoldChange.shrunk	lfcSE.shrunk	pvalue	padj
Slc7a2	972.235460753151	-3.0067005163086	0.528854416749149	-5.68530851040385	-2.81296859998953	0.529088284803201	1.30576721401282e-08	4.1244233380543e-07
Slc6a4	36.2633891699199	-2.17073670320418	0.662866992284328	-3.27476964228304	-1.65639666930206	0.786256447705821	0.00105748165588745	0.00813018270689491
Fcrlb	31.8798497492708	-2.12488721086538	0.355497428149741	-5.97722245678341	-2.00318770364067	0.360959979986671	2.26974161559671e-09	8.17617035910457e-08
Olr1	846.255268962905	-2.01972762876607	0.214575030150995	-9.4126871488486	-1.97570362649702	0.211719153379757	4.83611949227297e-21	9.12035240719244e-19
Rnase2a	55.9624995624775	-1.97539032148629	0.431027775449257	-4.58297686135738	-1.77990770143128	0.44451591114272	4.58402781872e-06	7.5074723937731e-05
Mtmr7	48.6557644603485	-1.9358729977886	0.395995808676467	-4.88861991812198	-1.76970546749566	0.405013278480739	1.01545334085995e-06	1.97905374516535e-05
Adamdec1	20.7240764777532	-1.93399387106539	0.542383632819383	-3.56573051626251	-1.59401340851609	0.5888737890103	0.000362844069994648	0.00333556441119094
Gpat3	73.599191365925	-1.92767953292381	0.366230867594366	-5.26356378856327	-1.78935005294855	0.36840953201477	1.41289454380592e-07	3.37410793850411e-06
Lhfpl2	2348.45477904577	-1.82280219158242	0.166505753785651	-10.9473825987358	-1.79654684417572	0.163715582851764	6.83954472187918e-28	2.43639781981607e-25
Dppa3	61.8854820906817	-1.79448102020836	0.305233403940885	-5.87904533723938	-1.68620368625742	0.314592316704514	4.12639352004002e-09	1.4224965188439e-07
H2-M2	1241.6637474916	-1.77276099463275	0.279211210034896	-6.34917557361392	-1.68332745283353	0.283790993231062	2.16471864293969e-10	9.34691982392545e-09
Kynu	126.261937272253	-1.76708767744689	0.259598099852503	-6.80701314243403	-1.69307808117912	0.257859512976722	9.96458318419153e-12	5.6293310464349e-10
Inpp5j	50.4510470844433	-1.74824279570282	0.320621424032018	-5.45266992366747	-1.63053814730511	0.324434343763373	4.96191198392384e-08	1.3654841047605e-06
Slc39a2	18.2484344444566	-1.69830435991635	0.555379139677485	-3.05791888565094	-1.24919577832404	0.657897812997163	0.00222879897094298	0.0150968786813647
Mmp8	105.358780922884	-1.66468316981289	0.385602671348707	-4.31709449519734	-1.48135900539459	0.396904496067068	1.580964879452e-05	0.000224770439180625
Zfp385c	15.1301211364026	-1.62018623520666	0.426560606139116	-3.79825565673138	-1.36144625252378	0.467175515937269	0.00014571798171489	0.00153801431893971
Spint1	506.448471366996	-1.60823908333007	0.344627630933308	-4.66659936399963	-1.46012920540598	0.351191372525798	3.06225590796699e-06	5.21571579072474e-05
Htr7	38.316585065803	-1.59789482471675	0.48709396255435	-3.2804652645196	-1.25581959231802	0.545992045590973	0.0010363602534278	0.00799677726814741
Mmp14	3841.76077550658	-1.58931067609981	0.206594560718107	-7.69289699871809	-1.53792183119711	0.20359245294841	1.43840309343032e-14	1.19006975936454e-12
AA467197	569.38965600494	-1.58882042435007	0.107671689630294	-14.7561576288577	-1.5743110489473	0.10813147062574	2.80830973563828e-49	4.50172050622817e-46
Creg2	203.154197253286	-1.56840666128646	0.23192872473347	-6.76245110685992	-1.49921162634755	0.236539651646964	1.35676473392821e-11	7.49963402926527e-10
Kcnj10	596.631037936669	-1.56489236857715	0.147624373697289	-10.6005013222683	-1.53775908765515	0.147794607165039	2.96387137947906e-26	1.00022859395893e-23
Zfp691	363.734122929021	-1.55530429126706	0.158220545597934	-9.82997679213767	-1.52154653382613	0.163794758441542	8.36380470758924e-23	1.91531127803794e-20
Kcnq3	27.0001590466306	-1.53985418372488	0.419745072495256	-3.6685461834511	-1.2482342462246	0.487644721053872	0.000243933634072672	0.00238067345764684
Mcoln3	102.69070122801	-1.52354249560988	0.316347063212186	-4.81604754012837	-1.39187521755375	0.321840391176725	1.46429651448756e-06	2.71753089750918e-05
Derpc	39.158587965335	-1.52098897901866	0.526905884151161	-2.88664261449453	-1.0492244692898	0.664303750936176	0.00389376237300405	0.0241809242960794
Rhov	28.0854414522245	-1.51691109777327	0.362677816019416	-4.18253069465947	-1.3298583544285	0.383103483706446	2.88282081662484e-05	0.000381914195789225
Fbxo32	532.092593628664	-1.5166345020016	0.272888493551338	-5.55770777383941	-1.4228673952874	0.272562723265769	2.73340513105857e-08	7.93058538477266e-07
Fam83f	380.53882887391	-1.50609644455058	0.134087613428817	-11.2321817507038	-1.4819089524044	0.136586777834215	2.83393102290921e-29	1.13569785743087e-26
Tlr12	325.869771014491	-1.5040684910505	0.28301976290033	-5.31435852972638	-1.40011240046983	0.284263343195369	1.07033697638271e-07	2.69666039000625e-06
F7	218.6734852308	-1.50060627193004	0.370401064828506	-4.05130118247585	-1.29695067658751	0.399792236387272	5.09335947771133e-05	0.000623851403459123
Spsb1	371.16613812246	-1.48452506451937	0.226046086774415	-6.56735573573927	-1.41757225449943	0.22428618063187	5.12165910684378e-11	2.53950768272e-09
Ermap	161.260216313748	-1.45714493695211	0.185538813831578	-7.85358549437978	-1.40845609414769	0.191794449645062	4.0430897738505e-15	3.60059605971241e-13
Syngr1	129.293553589731	-1.43260838837039	0.320600349003694	-4.46851786912398	-1.28861397181658	0.327774681927545	7.87634339808549e-06	0.000120102530008381
Acp5	2751.82147825123	-1.42809932536141	0.254896897786367	-5.60265479008817	-1.33985296502804	0.255813539643293	2.11093378328588e-08	6.31016662863827e-07
Cd300lf	894.38296221109	-1.42706725966675	0.218175272710798	-6.54092116826821	-1.35883482825624	0.216727788409153	6.11410554910946e-11	2.99264463976258e-09
Arg1	47.2050798843021	-1.42059820881018	0.336097497101858	-4.22674438536403	-1.24886141481214	0.356034001440638	2.37096744084674e-05	0.000322773741628647
Klrb1b	973.518913493675	-1.39493406917002	0.175900589681795	-7.93024100540799	-1.35331894795792	0.176786342652603	2.18721003093031e-15	1.98927527919506e-13
Adgrg5	215.970704594977	-1.37329139931364	0.316582138639871	-4.33786759168947	-1.22472777424259	0.326452056746218	1.43871781444861e-05	0.000206377150475268
Stra6l	210.550543125236	-1.36410589248605	0.339299593661373	-4.02035816714667	-1.19024008123176	0.353127354054438	5.81097262289542e-05	0.000699061096773085
Slc7a11	1192.6487477178	-1.3220028561393	0.198372160807485	-6.66425596594811	-1.26475076125846	0.199050563948426	2.66009501565508e-11	1.40382956710949e-09
Tent5c	3495.2131541928	-1.31901040711097	0.0747837722684165	-17.6376554311372	-1.31081420242435	0.0752788553770424	1.26606071043555e-69	4.05899063765639e-66
Gpr157	421.796449025618	-1.30263019783889	0.131083229966105	-9.93742829022234	-1.27999538212817	0.130886885927169	2.86118273267849e-23	6.92298252148471e-21
Lrp8	88.6682723806522	-1.28466749694764	0.306878410190772	-4.18624267555681	-1.13526301397504	0.317382617619912	2.83610123918698e-05	0.000376861393364498
Dusp9	21.2722355010539	-1.26190045347112	0.366243912584457	-3.44551925673337	-1.01451103836015	0.40958334552767	0.000569963355444686	0.00483482117871771
Sirpb1c	1365.01980470961	-1.26063881151997	0.211519532851658	-5.95991677233933	-1.19702487066317	0.211117692345609	2.52366431912536e-09	8.9649504787988e-08
Cd22	602.065404896354	-1.25268018383058	0.305472994159012	-4.10078863854821	-1.10214431183949	0.315438728964095	4.11744508441276e-05	0.000520486730059653
Lpcat2	3521.86632002792	-1.24488969801053	0.078830080999353	-15.7920641743442	-1.2358494554452	0.0791497763333107	3.52842110920334e-56	7.54141205073728e-53
Pmepa1	2081.03384611445	-1.23825111784499	0.0591842789337722	-20.9219600230426	-1.23279694233776	0.0590628895180829	3.3793592484105e-97	2.16684515008081e-93
Lyz2	175633.384332639	-1.23281590741549	0.058401728952033	-21.1092364821602	-1.22747353806837	0.0583786056258677	6.54209871787934e-99	8.38958739580847e-95
Tgfbr1	9424.87138092092	-1.20537864647217	0.0877463417321275	-13.7370814859947	-1.19290912753962	0.0884303478938625	6.08808840433068e-43	6.0056650536259e-40
Hebp1	473.273574744108	-1.20349478590874	0.109393743864977	-11.0014955461638	-1.1844055622283	0.109330417512446	3.75846178351525e-28	1.41760335034705e-25
Slamf6	554.306008982017	-1.20176705226398	0.127777715902277	-9.40513800687338	-1.17586796979475	0.127287580075362	5.19619703085961e-21	9.6573957570643e-19
Gpr171	222.571907589632	-1.19510814769	0.297689767480456	-4.01460942982683	-1.04549977113565	0.308550763273756	5.95443131857852e-05	0.000712975044159206
Pkib	490.470555170634	-1.1905895591162	0.131974230289883	-9.02137907151312	-1.16081259422307	0.135926064357165	1.85736192773871e-19	2.86973606762906e-17
Itgax	10956.3478174397	-1.16856320975652	0.146592291264865	-7.9715188273109	-1.13278300130376	0.147313471715267	1.56736009718764e-15	1.45650912219814e-13
Il1rl2	592.694361348036	-1.15431624693677	0.0913033079962529	-12.6426552582755	-1.14057957795133	0.0911714833570669	1.22834550996732e-36	8.29068569464258e-34
Tmem119	1150.50691310377	-1.15022050863029	0.110189469994592	-10.4385701164252	-1.13033149393647	0.109631681163634	1.65281445277323e-25	5.16968110789362e-23
Havcr2	2540.58547364819	-1.1462105195446	0.125671440765753	-9.1206921203449	-1.11934034672666	0.126896783693944	7.46460740265935e-20	1.22725801707312e-17
Trem2	2632.54139272082	-1.13944472313914	0.131361366768103	-8.67412353550376	-1.11158640931077	0.136802117178736	4.16747719053317e-18	5.68550292461674e-16
B3gnt7	120.638994337376	-1.13696127629315	0.233297442641643	-4.87344080337643	-1.04260184861065	0.237727767578057	1.09671140563182e-06	2.12130121656448e-05
Bhlhe41	106.252278535943	-1.13349672917669	0.222157390871447	-5.10222380957198	-1.04755392533808	0.226180556779331	3.35685431481161e-07	7.33361153886612e-06
Sgms2	321.504168126234	-1.12799092741952	0.237016711236722	-4.75911981705348	-1.03172770446071	0.240503025005062	1.94438993021757e-06	3.48252185266901e-05
Tgfb3	814.621184280507	-1.12021314266219	0.199609210084592	-5.61203133957326	-1.05271805145856	0.201775414496802	1.99965210585666e-08	5.99148098259482e-07
Cebpa	4589.78531911037	-1.11154453303955	0.133429576279521	-8.33057080771195	-1.08058287064229	0.134303144322581	8.04534981209571e-17	9.64238934488929e-15
Cd200r4	479.866449540203	-1.10472207492812	0.217868449622942	-5.07059226262464	-1.01576183691642	0.22786219552102	3.96579600037873e-07	8.50457657338742e-06
Gdf3	78.395658605389	-1.10459755887058	0.216952891840715	-5.09141661813648	-1.01976502431655	0.222405140991567	3.55398157034941e-07	7.69869250982448e-06
Usp2	349.185909848446	-1.09774130981745	0.104571060937331	-10.4975630922911	-1.07859705731942	0.105526510676415	8.86388521171171e-26	2.9146272808972e-23
Dmxl2	1843.10278991009	-1.0971239754315	0.148921904895969	-7.36710946719294	-1.05798932019521	0.148889814828202	1.74367304268517e-13	1.24921022901646e-11
Runx3	3387.69554338045	-1.09267800184037	0.125855652601317	-8.68199384974575	-1.06435902860593	0.127799060664335	3.88890457822731e-18	5.36250670012763e-16
Cd9	6582.37273503751	-1.07742360585352	0.154546073801458	-6.97153657386125	-1.04748285037228	0.153246756567413	3.13497792439866e-12	1.90535340770088e-10
Il7r	1167.8488730075	-1.07354528776182	0.173332791778856	-6.19354985715275	-1.01874073901203	0.176021340774587	5.88240698096482e-10	2.35737459762165e-08
Card11	603.226179941494	-1.06709931797285	0.163185117586556	-6.5391950795197	-1.01825169807815	0.164298142239512	6.18508055135006e-11	3.01587349773814e-09
Ctss	57550.5544957853	-1.06650872926911	0.119292021958424	-8.94031898998924	-1.04105781127171	0.119454227057735	3.88048588218054e-19	5.92420844679563e-17
Hvcn1	2841.65210209548	-1.05985556173771	0.0896973666296085	-11.8159049876483	-1.04529579185627	0.0901159592293574	3.2305138071988e-32	1.5343744097599e-29
Cd300c2	3110.4586455024	-1.05926409734398	0.0623955733966437	-16.9765904803907	-1.05229699117626	0.0625641774891394	1.22392989030386e-64	3.13913538265135e-61
Mycl	143.623905379944	-1.04773559097632	0.14879484814643	-7.04147760509313	-1.00475912350372	0.151594465214308	1.90211791374624e-12	1.20161379930452e-10
Kcna3	1176.01051457485	-1.04548793945337	0.0814873235942765	-12.8300684491594	-1.03328408853159	0.0823398930353821	1.11265832506166e-37	8.39337080034745e-35
Axl	16753.5472921806	-1.03390127731819	0.0749142172438266	-13.8011356903471	-1.02893228491355	0.0753809352433768	2.50868984969247e-43	2.68095321937136e-40
Cd38	1202.08361234135	1.03520776808921	0.100995481831849	10.250040391042	1.0177906604989	0.102543665165865	1.18294095328956e-24	3.1604239135386e-22
C4b	4338.09841006837	1.04392359559175	0.132267955216382	7.89249061788208	1.00754561245137	0.137284262814056	2.96214605144861e-15	2.67510992702654e-13
Tnk2	395.202337593528	1.0609344595326	0.162522171449566	6.52793677361017	1.00992295000712	0.17130182135869	6.66818318406808e-11	3.22689740198072e-09
Ppp1r9a	368.267699363542	1.09206390255631	0.205381236550321	5.31725254409371	1.00701058662607	0.222032035352117	1.05345807927037e-07	2.65935952924473e-06
Reps2	1642.42652682435	1.09214704170727	0.204508774995586	5.34034317955714	1.00469047605303	0.22564441390465	9.27707973542989e-08	2.37889819171546e-06
Pgap6	581.97031922027	1.10206410398839	0.149061086118715	7.39337229242163	1.05172796879183	0.156747586549584	1.43150935998051e-13	1.04304977456761e-11
Cgnl1	801.433066918803	1.10888722520198	0.178492508889128	6.21251408310235	1.04888196523079	0.187662793239483	5.21435054346098e-10	2.16403985014057e-08
Oas2	1778.38210498665	1.11075227201385	0.110248368709217	10.0749996124069	1.08831797839449	0.112098344237201	7.12610749718649e-24	1.82770405087839e-21
Cd1d1	464.649072858613	1.11164537787126	0.122833196063889	9.05004032699002	1.08464063460661	0.12614891387105	1.42915549853734e-19	2.23505976990766e-17
Serpinb6a	2104.98310977443	1.11333472581447	0.21680285541516	5.13524014101439	1.01290511088523	0.244296093515891	2.81783983594394e-07	6.26273449846535e-06
Kitl	2346.97038649627	1.11983844123299	0.137668814424863	8.13429276565884	1.07989065538721	0.144109777441596	4.14350110419684e-16	4.46523177816977e-14
Smagp	621.658150861921	1.13206755429251	0.191543211300407	5.91024629172071	1.06306450105455	0.207317438352417	3.41596598861164e-09	1.20017391336865e-07
Aplnr	373.410833016805	1.13773011888928	0.169046570552399	6.73027624974276	1.08773459633087	0.174984373667108	1.69341269481265e-11	9.12450604969642e-10
Kmo	346.417391627325	1.15223997299863	0.199204549737869	5.78420510231745	1.0724750046814	0.214910703732947	7.28560080439902e-09	2.43461879105524e-07
Mill2	299.427718099863	1.16444082763125	0.207090849501559	5.62285021493664	1.08241089320167	0.224249566232809	1.8783225688082e-08	5.64112614107642e-07
Sox7	622.295163701296	1.16917450647413	0.173257568032808	6.74818722061674	1.11348664835497	0.180863912584245	1.49703701883163e-11	8.20427467072516e-10
Rem1	50.0419981391985	1.18334534733037	0.283398567923512	4.17555161270169	1.03193978881474	0.310465229436761	2.97264843008323e-05	0.000391790785892984
Rab4a	51.4416364106842	1.18453738567223	0.291446849490322	4.06433415816207	1.02348186279419	0.317454741534606	4.81697741822773e-05	0.00059626369122927
Tppp	491.112073018915	1.19478726561941	0.206631790829956	5.78220447502505	1.1149112835134	0.225955014982891	7.3728014608498e-09	2.45581314114124e-07
Ifitm3	5964.18666883955	1.2169579950482	0.0966788125894127	12.5876390333477	1.2003979188279	0.0989283636926403	2.4694955328792e-36	1.58344053568214e-33
Fam20a	69.9174067528863	1.22712994923496	0.348531651590744	3.52085655243701	1.0050895888188	0.388988471543281	0.000430155250431583	0.00380960699691617
Cd226	354.482998114694	1.23562992691019	0.251712246241228	4.90889873401719	1.11076438695544	0.285883743448662	9.15892537493336e-07	1.81536412686469e-05
Lpar1	235.77830784387	1.23730755226358	0.191092527788318	6.47491331337769	1.17361396773489	0.203271308712036	9.48663890263273e-11	4.45628781272389e-09
Fah	62.1121940195118	1.2772884120727	0.263752683692827	4.84275039096953	1.15558937734369	0.28385665887785	1.2805411259596e-06	2.41140372970719e-05
Icos	54.5374163076774	1.27892529972662	0.323026121787813	3.9592008616774	1.07697171060069	0.37087234636858	7.52009712063472e-05	0.000866466536163699
Mgl2	16794.7400634241	1.2804205374925	0.146160622255429	8.76036594353607	1.24490683371781	0.154293405967882	1.94617525985967e-18	2.80424174521803e-16
Lmo1	65.4159193246941	1.28355384070099	0.292590205495948	4.38686537208357	1.12447890495275	0.325247075347849	1.14995917263367e-05	0.000168865331588426
Hrh1	188.326398248287	1.28854079677262	0.298612647236557	4.3150911680973	1.11296978724873	0.347104686302387	1.59537048986812e-05	0.000226316716394566
Chp2	1204.77328849576	1.29237011380881	0.267983955831016	4.82256525321146	1.14730871335963	0.314636758351007	1.41723643686341e-06	2.64936444115691e-05
Il1rl1	905.698737017733	1.29243175219478	0.270233734563119	4.78264401106036	1.14802827075674	0.314576957346734	1.73004356962765e-06	3.16491850740442e-05
Kcnk5	85.359386067582	1.29591776205194	0.25325419928683	5.11706327358548	1.18997974419506	0.267041754125906	3.10329539438402e-07	6.83791411298637e-06
Pf4	6428.85259104189	1.30658143356696	0.230158307269203	5.67688148678783	1.20738872000598	0.259979071873653	1.37172436986823e-08	4.29048617541224e-07
Sphk1	592.040453020934	1.30986345665967	0.317693919557136	4.12303596645984	1.06838188409976	0.402317619284317	3.73911287909973e-05	0.000477593461768675
Slc35g2	50.8759157610517	1.31911978916523	0.287222676896866	4.59267284678531	1.18530207389799	0.30296705981598	4.37604796532632e-06	7.1946716804288e-05
Nr3c2	82.3617247140335	1.33529343550254	0.360889210686561	3.70000929914822	1.08999493334124	0.417852974048551	0.000215591566901296	0.00214487684557193
Ryr1	90.0277610938741	1.34037918651906	0.241410898409037	5.55227288971838	1.24497934070325	0.258120995777167	2.81978939638617e-08	8.14436468902168e-07
Scgb1a1	300.253145786971	1.34426987204724	0.284454864237698	4.72577565389752	1.21174442634222	0.305893249286865	2.29238629005046e-06	4.05483610808374e-05
Sdk1	72.9447932262623	1.3457678214396	0.313973520238105	4.28624624273734	1.16383684821803	0.359485356403884	1.81717556962308e-05	0.000254127148362556
Slamf1	28.9419337294528	1.34830230240249	0.377490987493112	3.57174700078658	1.07188781041868	0.450296812290491	0.000354607890471515	0.00327865291089164
Flrt2	50.1587530262966	1.35855617659911	0.329911724611468	4.11793845216948	1.17535931685807	0.36328873231171	3.82276752936145e-05	0.000487307860800509
Kcnq1	203.049543154706	1.37153201887473	0.247700827640177	5.53705061037215	1.26731921407627	0.272665732613556	3.07607684993236e-08	8.82496857349723e-07
Rnf152	48.6493777479686	1.37902459373137	0.395209440885696	3.48935134403892	1.08164406751279	0.473268798948109	0.000484194284710183	0.00420970000482942
Hunk	119.707623458463	1.38790625350921	0.300535158380547	4.61811609991999	1.22618212686057	0.343150598299083	3.87239587817277e-06	6.45768592219605e-05
Phf24	71.9034451556639	1.39024276848864	0.358095339700218	3.88232577852729	1.1448226949858	0.426000579439649	0.000103462139398994	0.00114379178935578
Ifitm6	393.855123814544	1.39478415269335	0.111289051272653	12.5329862798111	1.37723592340772	0.112771714850145	4.92718240699822e-36	3.00886605654025e-33
Dmpk	225.307750219024	1.3949276557952	0.251684712760162	5.54236147478879	1.28805643785532	0.278466775923054	2.98419464508355e-08	8.58056325752275e-07
Cacna1a	40.8027569351401	1.39641152199471	0.362216365614997	3.8551861664886	1.17295273564596	0.404947973796327	0.000115641594207585	0.00125570516860125
Fabp4	116.251737813659	1.39867375038133	0.255928576056918	5.46509409746516	1.29948880628625	0.268872520342252	4.62661311398278e-08	1.2787001416749e-06
Ptk2	743.937453354348	1.39992271791663	0.215844299759265	6.48579888131392	1.3178899635667	0.235615361074337	8.82628403985587e-11	4.19215801952265e-09
Klhl13	96.7030289365424	1.4604400496327	0.322087780715974	4.53429200693755	1.2828901719387	0.366832956189525	5.77970239395651e-06	9.11671629767507e-05
Gprc5b	154.158192641712	1.47503349376359	0.301343499715277	4.89485751362571	1.32885405226327	0.335058257798023	9.83769800436882e-07	1.92314998792722e-05
Pla2g2d	1254.89570714488	1.47693904508917	0.276040240223561	5.35044834004281	1.34705037867954	0.316981873889951	8.77365962875071e-08	2.26368807634175e-06
Dmwd	185.591030105556	1.47707589640238	0.279781395473965	5.27939284132932	1.35358929364133	0.307139678420651	1.29612653082924e-07	3.16600507263889e-06
Mrm2	118.804551048902	1.48764856702834	0.314317912085645	4.73294238039793	1.31641338386344	0.365565440758729	2.21288322537042e-06	3.92503658121027e-05
Tgm3	16.716588020055	1.4894399939401	0.460622264317976	3.23353886539865	1.11033880055054	0.563049128072958	0.00122266698613096	0.0091854021266218
Mst1r	16.4465427301347	1.5082616516051	0.495510834425092	3.04385201456803	1.03452571575846	0.650534376294638	0.00233570004567814	0.0157564531224495
Cxcl12	1486.79231416403	1.50996719596932	0.258201106135182	5.84802760364151	1.40126895559624	0.291981614177478	4.97436020329014e-09	1.69657434167534e-07
Cobll1	223.309725638514	1.51212400478857	0.290127763493645	5.21192452104534	1.37444308594093	0.328700465964614	1.8689159225432e-07	4.31060751631188e-06
Lyve1	2819.75097313991	1.5166943230607	0.171857655510816	8.82529392451327	1.47206554702306	0.183112592563822	1.0917269952823e-18	1.60923068821841e-16
Zbtb7c	38.9884914275349	1.52636389008301	0.428580224475474	3.56144264927547	1.16144349117234	0.556575438206704	0.000368822677162552	0.00337600429117243
Mt2	2975.99111326711	1.53044634430881	0.433023040837505	3.53433004707739	1.07708094938215	0.636461177269376	0.000408810247946222	0.00366089415936408
Gabbr1	342.670147284072	1.53326057281719	0.254425529068385	6.02636291425407	1.43420154407093	0.280129857245411	1.67690416016723e-09	6.21979073216892e-08
Cd55	242.183607969194	1.54182041866465	0.293942649139828	5.24531034600293	1.40279553365377	0.333929890178802	1.56019477947999e-07	3.67118125725715e-06
Pcdh19	49.4411752572867	1.55134166387215	0.35874625029096	4.32434251957738	1.34870002180222	0.396883446758938	1.52987443364009e-05	0.000218303740042352
Akr1c12	38.4736338567524	1.5656447365255	0.351805004945611	4.45031967856043	1.37141232986734	0.392258248916509	8.57425612983764e-06	0.000129971939254182
Slc10a6	96.4906244045546	1.57486705472235	0.363350775850898	4.33428840501116	1.37048660861771	0.409492220850438	1.4623236275653e-05	0.000209528918434608
A930033H14Rik	48.4380576951809	1.57802589671884	0.400232040214344	3.94277753443661	1.29364643281116	0.489312560216415	8.05433606435747e-05	0.000920577590813906
Tmc3	15.1968981669315	1.58343774981888	0.492030865827977	3.21816751710142	1.17105788825954	0.609181599945403	0.00129012446095736	0.0096413497012338
Pgap4	68.5172059921491	1.59126086524997	0.463463787578172	3.43340927144513	1.17693708818929	0.607438316910266	0.000596041647122891	0.00500565689764502
Marco	15.4314437514665	1.60468210391337	0.514711645806706	3.11763317769575	1.11584203027612	0.680319958960433	0.00182309557697213	0.0127878796218233
Cfp	12141.1520440566	1.60897361205105	0.173574928479662	9.26961990504044	1.55999099539757	0.184977559453499	1.86810439916348e-20	3.28172202943458e-18
Gas6	5475.82031551641	1.6135598043883	0.234673028735515	6.87577866567208	1.53142074321501	0.261704733440088	6.16521606028087e-12	3.57749912927791e-10
Padi4	157.149913871632	1.61846991419349	0.492665686660719	3.28512814676308	1.06017560196661	0.78799877147902	0.00101935997975596	0.00789674136927742
Tnfsf18	47.602348503335	1.62482999527292	0.360336494551354	4.50920187059032	1.4383293056896	0.397690854117901	6.50719680166549e-06	0.000101642255523214
Hbegf	1698.88583673304	1.62778670800003	0.251813202130766	6.46426277187294	1.5316320970989	0.284695248540571	1.01793851577904e-10	4.72972591534433e-09
Coro2b	303.780724633238	1.63075872647879	0.261249129397884	6.24215946762116	1.53186642546785	0.288176789588433	4.31570617678328e-10	1.80864758206107e-08
Tenm4	121.761222823077	1.64835768344537	0.350139056187388	4.70772298695864	1.44795872549385	0.415782388134969	2.50499194403027e-06	4.35875396068442e-05
Slc6a1	17.905074423232	1.65592909475731	0.483334605479651	3.42605117859088	1.29837868851081	0.569883357251501	0.000612424975810838	0.00513242188025692
Cmah	1785.70326228916	1.65791243764866	0.486755969553554	3.4060443864084	1.10014093668726	0.790861230438964	0.000659114623302663	0.00545673720415323
Il31ra	28.6918180795929	1.67681138156638	0.505895029595142	3.31454409209811	1.27393234175108	0.6139235553968	0.000917927018640689	0.00722620999818796
Ctnnd2	125.888094537066	1.67892564115146	0.30859241096253	5.44059277386224	1.53675808186917	0.350939657620917	5.31035764442654e-08	1.4458604338031e-06
P3h2	604.622888496631	1.69697740746711	0.477250960148781	3.5557338783312	1.1954037405377	0.726184727422612	0.00037692546599801	0.00342777198434852
F5	459.481978437125	1.70560741023978	0.335553768384457	5.08296306267556	1.51655614544037	0.38631582575709	3.71591984786905e-07	8.02238318671258e-06
Tnfrsf17	24.8236548962499	1.71012374329369	0.429295452224736	3.98355895556621	1.45021371544287	0.488738105629278	6.78908191527219e-05	0.000791483513467733
Ccl7	10063.272802373	1.71467795513938	0.209163261672442	8.1977969813104	1.65916165717118	0.226132436247376	2.4483238151746e-16	2.73020040050426e-14
Bmp2	1072.79239722648	1.72668436046596	0.51857783433168	3.32965322879878	1.07870488171077	0.924951703536955	0.000869542046445621	0.00687909142727862
Dnm1	100.749342493114	1.72670137335226	0.266578781941932	6.47726484746404	1.6334625370449	0.286952390307301	9.3400170073686e-11	4.41979254990756e-09
Prr5	47.9245554137369	1.72969988904102	0.349690783575684	4.94636967939037	1.56213870640922	0.386685852156869	7.56103059880492e-07	1.53179551973261e-05
Dclk2	93.0358621766826	1.73335826278308	0.336483483105247	5.15139182103898	1.57038375997788	0.381119658758329	2.58560353593924e-07	5.79681464071412e-06
Plekhg5	1104.93142384693	1.74227955358027	0.273198322979307	6.37734351580274	1.63492959398702	0.312263723504294	1.8018600307665e-10	7.91337432690054e-09
Susd1	404.913552451898	1.74567147177617	0.121114591337903	14.413386962648	1.72877969966814	0.12319272811747	4.26282354596161e-47	6.07404990593463e-44
Cdkn2a	23.2483269597324	1.75210123972251	0.427703568367512	4.09653173203592	1.49144826965471	0.485420052074303	4.19386024471674e-05	0.000528830518960152
Fgfr1	1277.81163120867	1.75264813657755	0.273845620797312	6.40013205788959	1.64492962162275	0.312565621321279	1.55242622594548e-10	6.96094892361008e-09
Clec10a	3100.54012136589	1.75554879560798	0.143982845904159	12.1927635516842	1.73051276404048	0.149924828950703	3.39702688736438e-34	1.81514470014837e-31
Ccl2	14160.9008556846	1.7573858585127	0.346226297598852	5.07583008772157	1.57937706421392	0.404306043100907	3.85807946369519e-07	8.30134413463543e-06
Retnla	11135.12150397	1.76274977626914	0.138082938502185	12.7658767650085	1.74025748350492	0.143498038967214	2.54271339681777e-37	1.81154203337728e-34
Samd4	390.694944384644	1.80511055320781	0.315426574153138	5.72275991030305	1.67153153998872	0.365940829051016	1.04807328448754e-08	3.39406358592632e-07
Cnrip1	171.397117264881	1.80513330165535	0.301450323489917	5.98816176661269	1.68093436697802	0.339424898841724	2.12225930858913e-09	7.68809417326186e-08
Mapk11	81.9291904997928	1.80709550101331	0.368557828514369	4.90315321288274	1.60858774559892	0.428343873428289	9.43103668770306e-07	1.85781281848086e-05
Aldh1a2	325.154031836705	1.81768452431825	0.266971745826379	6.80852769154215	1.72346275427683	0.296643622222732	9.86026112383167e-12	5.59504374566449e-10
Selp	358.874225573448	1.82860463214256	0.339337968248486	5.3887416182192	1.67627889025719	0.381860151772318	7.09527264438484e-08	1.85693421207329e-06
Ric3	38.7146379327294	1.84248007952057	0.423532099682303	4.35027257887333	1.58565095904081	0.492607083201361	1.3596840764024e-05	0.000195696841703528
Egfr	269.144662797354	1.84792835915175	0.336249116344602	5.49571216495902	1.68253053543979	0.397370555110713	3.8913677683794e-08	1.09676703871862e-06
Cd209c	35.8428253436617	1.86825469705767	0.523496926269962	3.56879783491647	1.32130846416234	0.785273167752222	0.000358623013499499	0.00330624121144326
Cadm3	139.06725779814	1.86855755017504	0.394543333933303	4.73600081275462	1.6222813446938	0.491106056993848	2.17976713144743e-06	3.87165286616091e-05
Ttc21a	40.6694884493997	1.87301609487752	0.397340886632698	4.71387707102225	1.66051592234079	0.453362757291504	2.4304732421129e-06	4.24693598875315e-05
C1qtnf1	981.138046262923	1.87938984839119	0.194057781693918	9.68469201279186	1.82530172197477	0.20693982943469	3.50262621223018e-22	7.74442733545515e-20
Bank1	647.013878511994	1.93785434431276	0.291796728587693	6.64111058986865	1.83422336990387	0.335335850588932	3.11328329055351e-11	1.61638643392948e-09
Pou2af3	18.4727162672782	1.9416286586773	0.599591325811461	3.23825341544024	1.42164776085267	0.754651077048907	0.00120263932725167	0.00906148456678933
Steap4	383.834664979802	1.94760807849284	0.241638235652181	8.06001613625533	1.87882392754751	0.262070602079057	7.62843784416666e-16	7.76405451695184e-14
H1f3	10.8396448140224	1.95938073338318	0.540129280130437	3.62761436097301	1.62821688367597	0.586302751731122	0.00028605208572542	0.00272941365129672
A4galt	122.191161957551	1.96919961733297	0.374045988923256	5.26459225776377	1.77215243910821	0.43655766426955	1.40500831347844e-07	3.36153481568051e-06
Smim10l2a	25.1452439921451	1.98715677607361	0.49650278376931	4.00230742109373	1.64322302438853	0.599593226800364	6.27277202415398e-05	0.000741401183758071
Tnfrsf25	42.2941288785622	1.98966007068476	0.430278744854515	4.62411888683348	1.74449729240272	0.501825483762901	3.76194066051915e-06	6.30629111509773e-05
Fcna	977.632544337175	2.01222050493014	0.289151464600854	6.95905347637722	1.90755539500101	0.328873468597567	3.4256647203384e-12	2.05283758755232e-10
Slc16a12	15.6537649305657	2.01458450045102	0.627556322828232	3.21020508784267	1.3832120708939	0.865998570969453	0.00132640298415302	0.00985475560807318
Folr2	3657.35974643151	2.04269086136003	0.254555062148619	8.02455407532784	1.9647245390859	0.285682195234528	1.01895397868328e-15	1.02086451739331e-13
Epor	79.6940959948622	2.07154029308873	0.386424564307368	5.36078832566397	1.87800676281418	0.453699461798068	8.2859562828565e-08	2.14232063248693e-06
Syn1	127.50688440443	2.09456935242948	0.179530403570518	11.6669339051909	2.0636564451767	0.182095677808919	1.88080176596371e-31	8.61407208811379e-29
Tslp	73.5907329862465	2.0972518045893	0.37030716602287	5.66354636642321	1.93172121327924	0.420831270499564	1.48276080457621e-08	4.58190953202055e-07
Pcyt1b	125.251246533558	2.09849206783677	0.348077701035295	6.02880351598272	1.95145835529839	0.397842900064971	1.65177954210769e-09	6.15768047906659e-08
Tmod1	376.782241125398	2.10001280463006	0.524066868934279	4.00714666221996	1.63384223118509	0.743145016938654	6.1456703483745e-05	0.000729341948447423
Slc40a1	184.743713111234	2.10543407752487	0.339608586446911	6.19959023872915	1.97546757924713	0.374029170960756	5.66103522638299e-10	2.29737708047897e-08
Pcolce	689.849145704575	2.1055245757787	0.322354238488701	6.53171053574497	1.97314620312787	0.378080883047081	6.50227354205086e-11	3.15852863269925e-09
Kcnt2	11.9276643746074	2.11647383972996	0.567545332086035	3.72917143367346	1.75893381132656	0.629465694066327	0.000192110423906967	0.00195002243567989
Nid2	413.753232768121	2.16708652572083	0.286096566921934	7.57466805364414	2.07305922807188	0.322554580268216	3.60047044291231e-14	2.88577705999422e-12
Cbr2	5308.24752279544	2.17062748332759	0.408846587295186	5.30914908129195	1.95598346199204	0.491643483560465	1.10138219509541e-07	2.75324079335351e-06
Gprc5c	292.683356362894	2.18214328825398	0.219799840199672	9.92786567211182	2.13338232022257	0.232720547695715	3.14924059505307e-23	7.47886322054825e-21
F13a1	15391.1454078776	2.18866403040642	0.254316982190244	8.60604750637205	2.11747367049604	0.282502801456852	7.5622934050095e-18	9.99781965214864e-16
Klra3	46.2711096013056	2.25452666766845	0.302798818437937	7.44562571049315	2.17248112996789	0.306252409483576	9.64860031631704e-14	7.23588599160525e-12
Prox1	12.9023446982502	2.27532523641923	0.728057471842081	3.12520003491258	1.34843410919107	1.18833436007198	0.00177684186181664	0.0124856000196913
Trim30c	208.796873206038	2.30488517882105	0.27537303403936	8.37004678712152	2.22801742987962	0.300877952269023	5.75953610405474e-17	7.10195105753827e-15
Timd4	88.6731816210082	2.32035139303455	0.473700965293522	4.89834634725048	2.01403933902236	0.610874892491366	9.66465706779551e-07	1.89937841252423e-05
Igflr1	15.455174274216	2.32247150646469	0.69699241998111	3.33213309052577	1.82847828259913	0.785708341021526	0.000861830299868975	0.00682374818534518
Gfra2	653.83391485884	2.35415200478586	0.295157497216154	7.97591803355696	2.25057886683803	0.336102964989198	1.51252300515196e-15	1.41580985533348e-13
Ednrb	1308.05318354784	2.36207515966477	0.43405599485687	5.44186738036797	2.13931475875526	0.523975046597417	5.2724922939013e-08	1.43860513142533e-06
Cdh6	29.0324570518318	2.42078209023476	0.405824084187239	5.96510208378332	2.27361600608759	0.4240646913143	2.44481144535841e-09	8.73322060592653e-08
Unc5a	92.8349144131281	2.46578024102174	0.446444225465305	5.52315407025768	2.23564352726417	0.537284417246162	3.32967510861043e-08	9.48883413173781e-07
Mucl1	793.278786462831	2.58449762878512	0.21828983431988	11.8397525786648	2.54286447748107	0.233548371163935	2.43169268218189e-32	1.19938565216541e-29
Ccl24	526.949643155395	2.73488641610402	0.249427107707251	10.9646719686696	2.68310331669842	0.268151486591649	5.65050855572284e-28	2.07034633481685e-25
Cd209d	31.3623945775661	2.86857851852688	0.467886294496836	6.13093085278708	2.69420960078709	0.502744757676757	8.73663740695801e-10	3.39876132813172e-08
Slc12a5	296.725660843948	2.94828596665395	0.286842359268392	10.2784190388537	2.88131742637259	0.315724123281536	8.81618421472411e-25	2.45779883412222e-22
Lyz1	18666.1549079534	2.94936963266022	0.187426298996949	15.7361568170762	2.89824571180258	0.199405645002096	8.54801220809741e-56	1.56599583652345e-52
Kctd4	16.6533757930768	2.95517638387967	0.668386416279579	4.42135912984136	2.54879816992429	0.783084449278571	9.80819995292957e-06	0.000146426491497519
Cd163	2405.71391439482	3.0032026865545	0.487455028042877	6.16098411911413	2.76779178931362	0.604415652768453	7.22942421850583e-10	2.86142395611478e-08
Serpinb2	338.886085879483	3.32338211606483	0.801131926487971	4.14835809956293	2.48186257485075	1.32162005139301	3.34868308124753e-05	0.0004346509294931
Mmp9	12877.1408027593	3.46886317500939	0.242710330996361	14.2921941590587	3.42852133570978	0.266763598918333	2.44774066020584e-46	3.13898262264797e-43
Cd209e	15.8233567098614	3.6990013560539	0.705611593213598	5.24226272871648	3.37707298942381	0.76703160174198	1.58619294544599e-07	3.72551984109878e-06
Slc7a13	14.4693931059174	4.05621263089007	0.71023582983655	5.71107857487778	3.79680319646936	0.714143130364027	1.12262395329168e-08	3.60815277619362e-07
Cd209b	52.140829064532	4.30726683806174	0.764240795990983	5.63600747389643	3.71846096449708	1.14356162003507	1.7403782919011e-08	5.26382339984429e-07
Cd209f	1333.47441758261	4.54107749022587	0.454845893550724	9.98377154683372	4.41898420673605	0.533941574381686	1.79510796135739e-23	4.51381656793082e-21
Cd209g	500.97533937824	4.54520917450129	0.366112377466499	12.4147924360115	4.46779911703665	0.423583832578601	2.17249538534757e-35	1.26636731007715e-32
